CLAS physics database search results
Measurement E30M1
G11A Run K+Lambda Data
M. McCracken, C. A. Meyer
2008

W	cos(theta_K+)	dsigma/dcos(theta K+)	Data errors
GeV	dimensionless	mcb	mcb
1.625	-0.1	0.4967	0.0837
1.625	0	0.3799	0.0678
1.625	0.1	0.3361	0.062
1.625	0.2	0.5174	0.0838
1.625	0.3	0.5369	0.0796
1.625	0.4	0.5052	0.0753
1.625	0.5	0.4897	0.0849
1.625	0.6	0.5718	0.1043
1.625	0.7	0.7261	0.15
1.635	-0.5	0.4118	0.0838
1.635	-0.4	0.4598	0.0761
1.635	-0.3	0.5501	0.0857
1.635	-0.2	0.4679	0.0763
1.635	-0.1	0.4223	0.0671
1.635	0	0.476	0.0611
1.635	0.1	0.5317	0.0614
1.635	0.2	0.6113	0.0667
1.635	0.3	0.5564	0.072
1.635	0.4	0.6295	0.0947
1.635	0.5	0.5596	0.0835
1.635	0.6	0.5228	0.069
1.635	0.7	0.5957	0.0721
1.635	0.8	0.4699	0.1099
1.645	-0.5	0.5756	0.089
1.645	-0.4	0.5036	0.0711
1.645	-0.3	0.5129	0.075
1.645	-0.2	0.5719	0.0839
1.645	-0.1	0.4123	0.0682
1.645	0	0.635	0.0724
1.645	0.1	0.6629	0.0653
1.645	0.2	0.7037	0.0779
1.645	0.3	0.8447	0.11
1.645	0.4	0.6764	0.0719
1.645	0.5	0.7006	0.065
1.645	0.6	1.0378	0.0853
1.645	0.7	1.0189	0.0933
1.645	0.8	1.082	0.1134
1.655	-0.1	0.6391	0.0699
1.655	0	0.703	0.0662
1.655	0.1	0.8145	0.0679
1.655	0.2	0.9051	0.1018
1.655	0.3	0.9488	0.0915
1.655	0.4	0.8704	0.0596
1.655	0.5	0.9889	0.0666
1.655	0.6	1.0181	0.0726
1.655	0.7	0.939	0.0759
1.655	0.8	1.1295	0.1019
1.665	0	0.9013	0.0766
1.665	0.1	1.0479	0.086
1.665	0.2	1.0167	0.1278
1.665	0.3	1.0531	0.0827
1.665	0.4	1.0117	0.0678
1.665	0.5	1.0984	0.0774
1.665	0.6	1.2022	0.086
1.665	0.7	1.3292	0.1022
1.665	0.8	1.2799	0.1137
1.675	-0.5	1.0517	0.1375
1.675	-0.4	1.1083	0.0951
1.675	-0.3	0.9884	0.0845
1.675	-0.2	1.1132	0.0886
1.675	-0.1	1.1775	0.0894
1.675	0	1.0448	0.0595
1.675	0.1	1.1717	0.0659
1.675	0.2	1.1464	0.1131
1.675	0.3	1.3679	0.068
1.675	0.4	1.2842	0.0609
1.675	0.5	1.3476	0.0776
1.675	0.6	1.4256	0.0819
1.675	0.7	1.6026	0.1023
1.675	0.8	1.6371	0.1137
1.685	-0.5	0.9541	0.088
1.685	-0.4	0.9641	0.0743
1.685	-0.3	1.1826	0.0802
1.685	-0.2	1.223	0.0827
1.685	-0.1	1.2809	0.0703
1.685	0	1.1158	0.0558
1.685	0.1	1.2228	0.0553
1.685	0.2	1.2916	0.0904
1.685	0.3	1.2864	0.0569
1.685	0.4	1.4132	0.0574
1.685	0.5	1.4077	0.06
1.685	0.6	1.6338	0.0814
1.685	0.7	1.9187	0.098
1.685	0.8	1.8197	0.1081
1.695	-0.5	0.8281	0.0813
1.695	-0.4	0.9488	0.4379
1.695	-0.3	1.0883	0.0582
1.695	-0.2	1.0328	0.0545
1.695	-0.1	1.0716	0.0569
1.695	0	1.0248	0.0499
1.695	0.1	1.3913	0.0554
1.695	0.2	1.2782	0.0799
1.695	0.3	1.4363	0.0523
1.695	0.4	1.5819	0.0549
1.695	0.5	1.6026	0.0558
1.695	0.6	1.6998	0.064
1.695	0.7	1.8872	0.117
1.695	0.8	1.9566	0.2378
1.705	-0.5	1.0607	0.3942
1.705	-0.4	0.9775	0.4216
1.705	-0.3	0.9376	0.0847
1.705	-0.2	1.0278	0.1565
1.705	-0.1	1.1248	0.071
1.705	0	0.9844	0.0507
1.705	0.1	1.2831	0.0525
1.705	0.2	1.507	0.0808
1.705	0.3	1.4672	0.0566
1.705	0.4	1.602	0.0584
1.705	0.5	1.7086	0.0596
1.705	0.6	1.9407	0.0708
1.705	0.7	2.1427	0.0815
1.705	0.8	2.4083	0.1153
1.705	0.88	2.6276	0.2095
1.715	-0.5	0.787	0.2576
1.715	-0.4	0.8531	0.1316
1.715	-0.3	0.8873	0.1242
1.715	-0.2	1.0397	0.0646
1.715	-0.1	0.998	0.0553
1.715	0	0.9972	0.0626
1.715	0.1	1.3311	0.0509
1.715	0.2	1.4974	0.0705
1.715	0.3	1.5165	0.0509
1.715	0.4	1.6526	0.0548
1.715	0.5	1.9195	0.0584
1.715	0.6	2.0417	0.0627
1.715	0.7	2.1023	0.0908
1.715	0.8	2.6124	0.1788
1.715	0.88	2.6288	0.1893
1.725	-0.5	0.6374	0.2212
1.725	-0.4	0.7246	0.0802
1.725	-0.3	0.7919	0.0615
1.725	-0.2	0.8476	0.0597
1.725	-0.1	0.9977	0.0709
1.725	0	1.0262	0.0518
1.725	0.1	1.2495	0.0589
1.725	0.2	1.4521	0.0698
1.725	0.3	1.5818	0.0737
1.725	0.4	1.7523	0.0561
1.725	0.5	2.0014	0.0593
1.725	0.6	1.9962	0.0614
1.725	0.7	2.2197	0.0744
1.725	0.8	2.6249	0.1332
1.725	0.89	3.5484	1.0413
1.735	-0.4	0.5007	0.101
1.735	-0.3	0.7041	0.0432
1.735	-0.2	0.8797	0.0432
1.735	-0.1	0.9672	0.0683
1.735	0	1.0402	0.053
1.735	0.1	1.2217	0.0461
1.735	0.2	1.4802	0.0687
1.735	0.3	1.4261	0.0712
1.735	0.4	1.7047	0.0529
1.735	0.5	1.9905	0.056
1.735	0.6	2.035	0.0555
1.735	0.7	2.2956	0.069
1.735	0.8	2.5462	0.126
1.745	-0.4	0.9824	0.1778
1.745	-0.3	0.6405	0.0555
1.745	-0.2	0.8522	0.0432
1.745	-0.1	1.0213	0.0465
1.745	0	1.0717	0.0479
1.745	0.1	1.2318	0.047
1.745	0.2	1.5351	0.0637
1.745	0.3	1.4487	0.0448
1.745	0.4	1.6291	0.0477
1.745	0.5	1.841	0.054
1.745	0.6	2.112	0.0606
1.745	0.7	2.1554	0.0827
1.745	0.8	2.4655	0.1037
1.745	0.89	2.197	0.1961
1.755	-0.4	0.7059	0.0883
1.755	-0.3	0.7071	0.056
1.755	-0.2	0.9005	0.0636
1.755	-0.1	0.955	0.1112
1.755	0	0.9115	0.0967
1.755	0.1	1.1703	0.0857
1.755	0.2	1.4092	0.0644
1.755	0.3	1.4719	0.045
1.755	0.4	1.5665	0.0484
1.755	0.5	1.9557	0.0556
1.755	0.6	1.9737	0.0845
1.755	0.7	2.0798	0.0641
1.755	0.8	2.3407	0.1062
1.755	0.89	2.1616	0.1988
1.765	-0.5	0.5935	0.1345
1.765	-0.4	0.6255	0.0791
1.765	-0.3	0.7096	0.0859
1.765	-0.2	0.7705	0.0829
1.765	-0.1	0.8716	0.0883
1.765	0	0.9736	0.0424
1.765	0.1	1.1499	0.0412
1.765	0.2	1.3947	0.0576
1.765	0.3	1.4779	0.0424
1.765	0.4	1.4972	0.0433
1.765	0.5	1.6946	0.0477
1.765	0.6	1.9986	0.0552
1.765	0.7	1.9925	0.0694
1.765	0.8	2.3117	0.0933
1.765	0.89	2.6519	0.2772
1.775	-0.5	0.5959	0.0727
1.775	-0.4	0.6672	0.0589
1.775	-0.3	0.7684	0.0377
1.775	-0.2	0.8562	0.0357
1.775	-0.1	1.0281	0.0441
1.775	0	1.0007	0.0423
1.775	0.1	1.2283	0.0455
1.775	0.2	1.4443	0.056
1.775	0.3	1.5157	0.0417
1.775	0.4	1.5756	0.0659
1.775	0.5	1.621	0.0927
1.775	0.6	1.9099	0.0783
1.775	0.7	2.103	0.1232
1.775	0.8	2.1105	0.1042
1.785	-0.5	0.4646	0.1231
1.785	-0.4	0.6164	0.0804
1.785	-0.3	0.7395	0.0711
1.785	-0.2	0.8337	0.0356
1.785	-0.1	1.0056	0.0491
1.785	0	1.085	0.0429
1.785	0.1	1.3156	0.0467
1.785	0.2	1.4467	0.0574
1.785	0.3	1.2975	0.05
1.785	0.4	1.4704	0.0778
1.785	0.5	1.7536	0.0518
1.785	0.6	1.8102	0.0501
1.785	0.7	2.0489	0.0613
1.785	0.8	2.0585	0.0877
1.795	-0.6	0.6201	0.1985
1.795	-0.5	0.697	0.0503
1.795	-0.4	0.7211	0.0395
1.795	-0.3	0.751	0.0372
1.795	-0.2	0.8851	0.037
1.795	-0.1	1.0258	0.0436
1.795	0	1.0765	0.0579
1.795	0.1	1.303	0.0781
1.795	0.2	1.3084	0.0916
1.795	0.3	1.4545	0.0475
1.795	0.4	1.603	0.0573
1.795	0.5	1.7418	0.0491
1.795	0.6	1.996	0.0494
1.795	0.7	1.9732	0.1317
1.805	-0.6	0.6596	0.174
1.805	-0.5	0.6915	0.1086
1.805	-0.4	0.7241	0.08
1.805	-0.3	0.7249	0.044
1.805	-0.2	0.8686	0.0348
1.805	-0.1	0.9955	0.0395
1.805	0	1.0987	0.0404
1.805	0.1	1.2582	0.0432
1.805	0.2	1.4053	0.0881
1.805	0.3	1.396	0.0478
1.805	0.4	1.6065	0.0439
1.805	0.5	1.6792	0.0447
1.805	0.6	1.8914	0.0452
1.805	0.7	2.0401	0.0536
1.805	0.8	2.165	0.087
1.805	0.89	2.4429	0.2053
1.815	-0.7	0.524	0.2432
1.815	-0.6	0.6422	0.0903
1.815	-0.5	0.6791	0.0613
1.815	-0.4	0.7692	0.0402
1.815	-0.3	0.7768	0.0371
1.815	-0.2	0.9103	0.0376
1.815	-0.1	1.0684	0.0452
1.815	0	1.1322	0.0449
1.815	0.1	1.3891	0.0529
1.815	0.2	1.4626	0.063
1.815	0.3	1.4553	0.0417
1.815	0.4	1.692	0.0487
1.815	0.5	1.8054	0.051
1.815	0.6	2.0011	0.0541
1.815	0.7	2.1094	0.0586
1.815	0.8	2.142	0.0959
1.815	0.89	2.2361	0.1688
1.825	-0.7	0.5002	0.2007
1.825	-0.6	0.6258	0.0728
1.825	-0.5	0.7419	0.042
1.825	-0.4	0.6903	0.0342
1.825	-0.3	0.7163	0.0418
1.825	-0.2	0.8631	0.0326
1.825	-0.1	1.0019	0.0403
1.825	0	1.1077	0.0396
1.825	0.1	1.2396	0.0432
1.825	0.2	1.3097	0.0454
1.825	0.3	1.4483	0.0382
1.825	0.4	1.5665	0.042
1.825	0.5	1.6814	0.0423
1.825	0.6	1.807	0.0415
1.825	0.7	2.0889	0.0522
1.825	0.8	2.1664	0.09
1.825	0.89	2.3115	0.1823
1.835	-0.6	0.6004	0.1895
1.835	-0.5	0.7503	0.0978
1.835	-0.4	0.7351	0.0441
1.835	-0.3	0.761	0.0342
1.835	-0.2	0.8473	0.0324
1.835	-0.1	1.0062	0.0404
1.835	0	1.0997	0.04
1.835	0.1	1.3704	0.0471
1.835	0.2	1.4055	0.0459
1.835	0.3	1.4481	0.0372
1.835	0.4	1.5526	0.0415
1.835	0.5	1.6658	0.0447
1.835	0.6	1.7952	0.0419
1.835	0.7	2.0484	0.0501
1.835	0.8	2.2582	0.0828
1.845	-0.7	0.6219	0.0769
1.845	-0.6	0.6373	0.0481
1.845	-0.5	0.7031	0.0389
1.845	-0.4	0.744	0.0356
1.845	-0.3	0.779	0.0321
1.845	-0.2	0.8684	0.0308
1.845	-0.1	1.024	0.0371
1.845	0	1.1014	0.0368
1.845	0.1	1.3109	0.0433
1.845	0.2	1.3529	0.0423
1.845	0.3	1.5018	0.0372
1.845	0.4	1.5162	0.0398
1.845	0.5	1.7219	0.0417
1.845	0.6	1.7233	0.0388
1.845	0.7	1.8975	0.0459
1.845	0.8	2.0008	0.0728
1.845	0.89	1.7865	0.125
1.855	-0.6	0.6936	0.0434
1.855	-0.5	0.6956	0.04
1.855	-0.4	0.7301	0.0326
1.855	-0.3	0.8145	0.0317
1.855	-0.2	0.8932	0.0327
1.855	-0.1	1.0095	0.0454
1.855	0	1.1377	0.0559
1.855	0.1	1.2851	0.0462
1.855	0.2	1.371	0.0442
1.855	0.3	1.4366	0.0359
1.855	0.4	1.612	0.0455
1.855	0.5	1.7273	0.0457
1.855	0.6	1.8573	0.0462
1.855	0.7	1.9973	0.0491
1.855	0.8	1.9569	0.0742
1.865	-0.7	0.6184	0.0568
1.865	-0.6	0.7084	0.0416
1.865	-0.5	0.7578	0.0392
1.865	-0.4	0.7797	0.0361
1.865	-0.3	0.7875	0.0329
1.865	-0.2	0.898	0.0321
1.865	-0.1	1.0509	0.0376
1.865	0	1.1769	0.0392
1.865	0.1	1.4046	0.0482
1.865	0.2	1.4002	0.0412
1.865	0.3	1.3801	0.0345
1.865	0.4	1.5906	0.0413
1.865	0.5	1.6753	0.0404
1.865	0.6	1.7973	0.0396
1.865	0.7	1.9633	0.0478
1.865	0.8	1.9899	0.0767
1.865	0.89	1.9558	0.1382
1.875	-0.8	0.6845	0.1681
1.875	-0.7	0.7589	0.239
1.875	-0.6	0.7933	0.0774
1.875	-0.5	0.874	0.051
1.875	-0.4	0.785	0.0508
1.875	-0.3	0.8724	0.036
1.875	-0.2	0.8851	0.0321
1.875	-0.1	1.0942	0.0385
1.875	0	1.1831	0.0393
1.875	0.1	1.4483	0.0505
1.875	0.2	1.4136	0.0416
1.875	0.3	1.4123	0.0391
1.875	0.4	1.5824	0.0408
1.875	0.5	1.6837	0.0409
1.875	0.6	1.8114	0.0407
1.875	0.7	1.8802	0.0451
1.875	0.8	2.0079	0.0737
1.875	0.89	2.3466	0.1596
1.885	-0.7	0.714	0.0659
1.885	-0.6	0.7468	0.049
1.885	-0.5	0.8237	0.0615
1.885	-0.4	0.7994	0.0331
1.885	-0.3	0.794	0.0301
1.885	-0.2	0.9448	0.0322
1.885	-0.1	1.0968	0.038
1.885	0	1.0514	0.0354
1.885	0.1	1.3758	0.0491
1.885	0.2	1.2488	0.0358
1.885	0.3	1.4038	0.0353
1.885	0.4	1.5278	0.0398
1.885	0.5	1.5242	0.0498
1.885	0.6	1.7152	0.0582
1.885	0.7	1.8554	0.0478
1.885	0.8	1.9094	0.0693
1.885	0.89	2.2606	0.1686
1.895	-0.8	0.8266	0.1236
1.895	-0.7	0.7811	0.0681
1.895	-0.6	0.8356	0.0495
1.895	-0.5	0.8779	0.0416
1.895	-0.4	0.8609	0.0341
1.895	-0.3	0.9137	0.0339
1.895	-0.2	0.9008	0.0301
1.895	-0.1	1.0271	0.0367
1.895	0	1.1029	0.0369
1.895	0.1	1.2802	0.0459
1.895	0.2	1.2438	0.036
1.895	0.3	1.3591	0.035
1.895	0.4	1.458	0.052
1.895	0.5	1.6033	0.0545
1.895	0.6	1.7572	0.0402
1.895	0.7	1.8918	0.0452
1.895	0.8	2.0359	0.0733
1.895	0.89	2.1314	0.1664
1.905	-0.8	0.7117	0.1048
1.905	-0.7	0.7143	0.0785
1.905	-0.5	0.7791	0.0534
1.905	-0.4	0.733	0.0353
1.905	-0.3	0.7535	0.0289
1.905	-0.2	0.7891	0.028
1.905	-0.1	0.8858	0.0338
1.905	0	0.9788	0.0347
1.905	0.1	1.1397	0.0441
1.905	0.2	1.1677	0.0363
1.905	0.3	1.348	0.0467
1.905	0.4	1.471	0.044
1.905	0.5	1.6134	0.0378
1.905	0.6	1.7304	0.0384
1.905	0.7	1.8644	0.0425
1.905	0.8	2.0789	0.0701
1.905	0.89	2.1933	0.1427
1.915	-0.8	0.7846	0.0905
1.915	-0.7	0.6683	0.0515
1.915	-0.6	0.7498	0.0405
1.915	-0.5	0.6765	0.0334
1.915	-0.4	0.6949	0.0289
1.915	-0.3	0.7021	0.0266
1.915	-0.2	0.7652	0.0261
1.915	-0.1	0.8587	0.0478
1.915	0	1.0056	0.0478
1.915	0.1	1.0797	0.0659
1.915	0.2	1.1697	0.039
1.915	0.3	1.2855	0.0365
1.915	0.4	1.4555	0.0386
1.915	0.5	1.6348	0.0374
1.915	0.6	1.7435	0.0361
1.915	0.7	2.0098	0.0427
1.915	0.8	2.0494	0.0668
1.915	0.89	2.5007	0.1558
1.925	-0.8	0.8945	0.112
1.925	-0.7	0.7452	0.0603
1.925	-0.6	0.7135	0.0421
1.925	-0.5	0.6246	0.0343
1.925	-0.4	0.6089	0.0287
1.925	-0.3	0.701	0.0287
1.925	-0.2	0.7076	0.0274
1.925	-0.1	0.8132	0.0323
1.925	0	0.919	0.0322
1.925	0.1	1.009	0.0409
1.925	0.2	1.1661	0.0332
1.925	0.3	1.3574	0.035
1.925	0.4	1.4511	0.0398
1.925	0.5	1.5708	0.0379
1.925	0.6	1.8173	0.0401
1.925	0.7	1.9204	0.0449
1.925	0.8	2.0687	0.0604
1.925	0.89	2.5138	0.1651
1.935	-0.8	0.8019	0.0913
1.935	-0.7	0.6809	0.0479
1.935	-0.6	0.6481	0.0415
1.935	-0.5	0.6788	0.0464
1.935	-0.4	0.5351	0.0579
1.935	-0.3	0.5145	0.0282
1.935	-0.2	0.6652	0.0249
1.935	-0.1	0.7521	0.0291
1.935	0	0.8608	0.0288
1.935	0.1	1.073	0.0417
1.935	0.2	1.087	0.0291
1.935	0.3	1.2966	0.0318
1.935	0.4	1.3857	0.0358
1.935	0.5	1.5145	0.0353
1.935	0.6	1.6909	0.0368
1.935	0.7	1.9961	0.0433
1.935	0.8	2.0156	0.0539
1.935	0.89	2.5325	0.1403
1.945	-0.8	0.9631	0.1117
1.945	-0.7	0.6629	0.0634
1.945	-0.6	0.6188	0.0386
1.945	-0.5	0.636	0.0421
1.945	-0.4	0.551	0.0302
1.945	-0.3	0.5619	0.0306
1.945	-0.2	0.6074	0.0406
1.945	-0.1	0.6906	0.0299
1.945	0	0.8618	0.0305
1.945	0.1	1.0415	0.0424
1.945	0.2	1.0599	0.0299
1.945	0.3	1.2736	0.034
1.945	0.4	1.4754	0.0416
1.945	0.5	1.5362	0.0446
1.945	0.6	1.788	0.0402
1.945	0.7	2.0345	0.0457
1.945	0.8	2.0836	0.0592
1.945	0.89	2.3507	0.1262
1.965	-0.9	1.0288	0.221
1.965	-0.8	0.8887	0.1189
1.965	-0.69	0.7765	0.2766
1.965	-0.6	0.6063	0.0805
1.965	-0.5	0.483	0.0522
1.965	-0.4	0.4501	0.0161
1.965	-0.3	0.4806	0.0153
1.965	-0.2	0.5281	0.0153
1.965	-0.1	0.617	0.018
1.965	0	0.7423	0.0184
1.965	0.1	0.9113	0.0259
1.965	0.2	0.9915	0.0191
1.965	0.3	1.196	0.0216
1.965	0.4	1.3663	0.0245
1.965	0.5	1.4298	0.0238
1.965	0.6	1.7131	0.03
1.965	0.7	1.909	0.0296
1.965	0.8	2.2226	0.0413
1.965	0.89	2.2172	0.0921
1.975	-0.9	0.8382	0.1706
1.975	-0.8	0.7838	0.0626
1.975	-0.7	0.667	0.0291
1.975	-0.6	0.5108	0.0217
1.975	-0.5	0.4282	0.0182
1.975	-0.4	0.3717	0.015
1.975	-0.3	0.3958	0.0145
1.975	-0.2	0.4621	0.0147
1.975	-0.1	0.5933	0.0184
1.975	0	0.6216	0.0171
1.975	0.1	0.865	0.026
1.975	0.2	0.9053	0.0183
1.975	0.3	1.1616	0.0221
1.975	0.4	1.3002	0.0246
1.975	0.5	1.4207	0.024
1.975	0.6	1.607	0.0255
1.975	0.7	1.7999	0.029
1.975	0.8	1.939	0.0379
1.975	0.89	2.1665	0.0997
1.985	-0.9	0.6158	0.1309
1.985	-0.8	0.9276	0.0779
1.985	-0.7	0.5732	0.035
1.985	-0.6	0.4817	0.0211
1.985	-0.5	0.3966	0.0186
1.985	-0.4	0.3553	0.0231
1.985	-0.3	0.3536	0.013
1.985	-0.2	0.4186	0.0137
1.985	-0.1	0.5043	0.0165
1.985	0	0.6745	0.0181
1.985	0.1	0.8063	0.0242
1.985	0.2	0.9182	0.0185
1.985	0.3	1.1102	0.0209
1.985	0.4	1.2488	0.0235
1.985	0.5	1.5167	0.0251
1.985	0.6	1.6239	0.0283
1.985	0.7	1.8648	0.0294
1.985	0.8	1.8724	0.0364
1.985	0.89	1.8344	0.073
1.995	-0.9	0.7231	0.2327
1.995	-0.8	0.7439	0.0605
1.995	-0.7	0.533	0.0267
1.995	-0.6	0.4371	0.0215
1.995	-0.5	0.3955	0.0217
1.995	-0.4	0.3038	0.0257
1.995	-0.3	0.333	0.0135
1.995	-0.2	0.3636	0.0132
1.995	-0.1	0.5097	0.0178
1.995	0	0.6273	0.0186
1.995	0.1	0.7908	0.025
1.995	0.2	0.8868	0.0192
1.995	0.3	1.1043	0.0223
1.995	0.4	1.22	0.0242
1.995	0.5	1.4142	0.0249
1.995	0.6	1.5763	0.0262
1.995	0.7	1.8544	0.0308
1.995	0.8	1.8711	0.0378
1.995	0.89	1.9036	0.1042
2.005	-0.9	0.5978	0.1062
2.005	-0.8	0.7189	0.0523
2.005	-0.7	0.4983	0.0221
2.005	-0.6	0.361	0.0169
2.005	-0.5	0.2897	0.014
2.005	-0.4	0.2901	0.0125
2.005	-0.3	0.2898	0.011
2.005	-0.2	0.3367	0.012
2.005	-0.1	0.4537	0.0209
2.005	0	0.5505	0.0159
2.005	0.1	0.7133	0.0218
2.005	0.2	0.8298	0.0168
2.005	0.3	1.0243	0.0194
2.005	0.4	1.1912	0.0224
2.005	0.5	1.3024	0.0215
2.005	0.6	1.5556	0.0241
2.005	0.7	1.6461	0.0258
2.005	0.8	1.769	0.0333
2.005	0.89	1.9404	0.0998
2.015	-0.9	0.8097	0.1968
2.015	-0.8	0.7432	0.0605
2.015	-0.7	0.4171	0.0218
2.015	-0.6	0.3547	0.0191
2.015	-0.5	0.2787	0.0147
2.015	-0.4	0.2224	0.0114
2.015	-0.3	0.2366	0.011
2.015	-0.2	0.2964	0.0119
2.015	-0.1	0.4064	0.0149
2.015	0	0.4994	0.0155
2.015	0.1	0.6962	0.0228
2.015	0.2	0.801	0.0176
2.015	0.3	0.9454	0.0201
2.015	0.4	1.1624	0.0228
2.015	0.5	1.3367	0.0232
2.015	0.6	1.4877	0.0248
2.015	0.7	1.561	0.026
2.015	0.8	1.7822	0.0356
2.015	0.89	2.1192	0.1224
2.025	-0.9	0.6421	0.1215
2.025	-0.8	0.5937	0.0508
2.025	-0.7	0.4517	0.023
2.025	-0.6	0.2878	0.0158
2.025	-0.5	0.2648	0.0142
2.025	-0.4	0.2033	0.0102
2.025	-0.3	0.2143	0.0096
2.025	-0.2	0.2664	0.011
2.025	-0.1	0.3692	0.0137
2.025	0	0.4881	0.0155
2.025	0.1	0.6383	0.0215
2.025	0.2	0.7657	0.0164
2.025	0.3	0.9435	0.0192
2.025	0.4	1.0511	0.0206
2.025	0.5	1.2671	0.0219
2.025	0.6	1.4269	0.0235
2.025	0.7	1.6317	0.0269
2.025	0.8	1.7204	0.0336
2.025	0.89	1.7103	0.0745
2.035	-0.8	0.5406	0.0433
2.035	-0.7	0.3824	0.0197
2.035	-0.6	0.3099	0.0164
2.035	-0.5	0.2577	0.0142
2.035	-0.4	0.1798	0.0099
2.035	-0.3	0.2139	0.0099
2.035	-0.2	0.2743	0.0113
2.035	-0.1	0.35	0.0132
2.035	0	0.5165	0.0163
2.035	0.1	0.6605	0.0209
2.035	0.2	0.7727	0.0167
2.035	0.3	0.9388	0.0191
2.035	0.4	1.1171	0.0209
2.035	0.5	1.3028	0.0221
2.035	0.6	1.4619	0.0233
2.035	0.7	1.7091	0.0272
2.035	0.8	1.797	0.0338
2.035	0.89	1.8272	0.0983
2.045	-0.9	0.5902	0.1289
2.045	-0.8	0.5858	0.0523
2.045	-0.7	0.3486	0.0197
2.045	-0.6	0.2713	0.0158
2.045	-0.5	0.2042	0.0155
2.045	-0.4	0.1757	0.01
2.045	-0.3	0.1831	0.0093
2.045	-0.2	0.2316	0.0107
2.045	-0.1	0.3455	0.0138
2.045	0	0.4698	0.0161
2.045	0.1	0.5821	0.0198
2.045	0.2	0.6844	0.0162
2.045	0.3	0.9117	0.0224
2.045	0.4	1.0654	0.0213
2.045	0.5	1.204	0.0217
2.045	0.6	1.447	0.0243
2.045	0.7	1.6007	0.0273
2.045	0.8	1.6841	0.0336
2.045	0.89	2.1555	0.1181
2.055	-0.9	0.5458	0.2441
2.055	-0.8	0.4503	0.0406
2.055	-0.7	0.3381	0.0186
2.055	-0.6	0.2545	0.0156
2.055	-0.5	0.1841	0.0111
2.055	-0.4	0.1524	0.0092
2.055	-0.3	0.1591	0.0082
2.055	-0.2	0.2078	0.0094
2.055	-0.1	0.3205	0.0125
2.055	0	0.4535	0.0153
2.055	0.1	0.5792	0.0182
2.055	0.2	0.7	0.0154
2.055	0.3	0.8863	0.0184
2.055	0.4	1.0768	0.0206
2.055	0.5	1.1778	0.0203
2.055	0.6	1.4385	0.0231
2.055	0.7	1.742	0.028
2.055	0.8	1.7498	0.0331
2.055	0.89	1.7517	0.0993
2.065	-0.9	0.5339	0.1119
2.065	-0.8	0.4651	0.0423
2.065	-0.7	0.3414	0.0202
2.065	-0.6	0.2429	0.0146
2.065	-0.5	0.1856	0.0129
2.065	-0.4	0.1609	0.0097
2.065	-0.3	0.1651	0.0086
2.065	-0.2	0.2112	0.0101
2.065	-0.1	0.2929	0.0122
2.065	0	0.467	0.0169
2.065	0.1	0.5597	0.0187
2.065	0.2	0.6825	0.0199
2.065	0.3	0.9026	0.0273
2.065	0.4	1.0821	0.0298
2.065	0.5	1.2342	0.0218
2.065	0.6	1.4178	0.0236
2.065	0.7	1.5943	0.0266
2.065	0.8	1.7459	0.0326
2.065	0.89	1.9502	0.0958
2.075	-0.9	0.4745	0.1705
2.075	-0.8	0.449	0.0386
2.075	-0.7	0.2988	0.0169
2.075	-0.6	0.2048	0.012
2.075	-0.5	0.1693	0.0103
2.075	-0.4	0.152	0.0092
2.075	-0.3	0.1546	0.0078
2.075	-0.2	0.2052	0.0121
2.075	-0.1	0.2754	0.0129
2.075	0	0.4337	0.0199
2.075	0.1	0.5396	0.0169
2.075	0.2	0.6346	0.0144
2.075	0.3	0.8198	0.0169
2.075	0.4	0.9999	0.0187
2.075	0.5	1.1919	0.0203
2.075	0.6	1.368	0.0217
2.075	0.7	1.5796	0.0249
2.075	0.8	1.7557	0.0305
2.075	0.89	1.8291	0.1011
2.085	-0.9	0.4705	0.1223
2.085	-0.8	0.4314	0.0415
2.085	-0.7	0.2979	0.0213
2.085	-0.6	0.246	0.0144
2.085	-0.5	0.1693	0.0131
2.085	-0.4	0.1575	0.0098
2.085	-0.3	0.1484	0.0135
2.085	-0.2	0.2082	0.0186
2.085	-0.1	0.2879	0.0214
2.085	0	0.4119	0.0276
2.085	0.1	0.4996	0.0169
2.085	0.2	0.6483	0.0155
2.085	0.3	0.8902	0.0198
2.085	0.4	1.0472	0.0209
2.085	0.5	1.2402	0.0227
2.085	0.6	1.4336	0.0239
2.085	0.7	1.7191	0.0287
2.085	0.8	1.8071	0.0333
2.085	0.89	1.9916	0.1352
2.095	-0.9	0.5921	0.2686
2.095	-0.8	0.5022	0.0462
2.095	-0.7	0.2932	0.0167
2.095	-0.6	0.2278	0.0136
2.095	-0.5	0.1801	0.0115
2.095	-0.4	0.1554	0.0095
2.095	-0.3	0.1534	0.0083
2.095	-0.2	0.2038	0.011
2.095	-0.1	0.257	0.011
2.095	0	0.4123	0.0158
2.095	0.1	0.4861	0.0163
2.095	0.2	0.6176	0.0154
2.095	0.3	0.79	0.0186
2.095	0.4	0.9542	0.0194
2.095	0.5	1.1562	0.0206
2.095	0.6	1.3964	0.0225
2.095	0.7	1.6359	0.0264
2.095	0.8	1.7839	0.0312
2.095	0.89	1.954	0.1286
2.105	-0.9	0.579	0.1237
2.105	-0.8	0.4733	0.0425
2.105	-0.7	0.2943	0.0163
2.105	-0.6	0.2339	0.0136
2.105	-0.5	0.1911	0.0112
2.105	-0.4	0.1449	0.009
2.105	-0.3	0.1509	0.0079
2.105	-0.2	0.1844	0.0093
2.105	-0.1	0.2569	0.0108
2.105	0	0.3601	0.0148
2.105	0.1	0.4152	0.0137
2.105	0.2	0.5567	0.0135
2.105	0.3	0.7451	0.017
2.105	0.4	0.9024	0.0181
2.105	0.5	1.1038	0.0199
2.105	0.6	1.3011	0.0217
2.105	0.7	1.5105	0.0252
2.105	0.8	1.7027	0.0299
2.105	0.89	1.6366	0.1037
2.115	-0.89	0.5415	0.1428
2.115	-0.8	0.4114	0.0427
2.115	-0.7	0.287	0.021
2.115	-0.6	0.2369	0.0142
2.115	-0.5	0.1943	0.0122
2.115	-0.4	0.1473	0.0094
2.115	-0.3	0.1583	0.0101
2.115	-0.2	0.1875	0.0101
2.115	-0.1	0.2218	0.0106
2.115	0	0.3502	0.0161
2.115	0.1	0.4013	0.014
2.115	0.2	0.5435	0.0142
2.115	0.3	0.7375	0.0179
2.115	0.4	0.8536	0.019
2.115	0.5	1.0851	0.0207
2.115	0.6	1.2999	0.0228
2.115	0.7	1.4835	0.0264
2.115	0.8	1.686	0.0333
2.115	0.89	1.8452	0.1346
2.125	-0.8	0.3808	0.1032
2.125	-0.6	0.2267	0.0158
2.125	-0.5	0.1719	0.0103
2.125	-0.4	0.1675	0.0091
2.125	-0.3	0.149	0.0077
2.125	-0.2	0.1844	0.0095
2.125	-0.1	0.2219	0.0099
2.125	0	0.3283	0.0144
2.125	0.1	0.3715	0.0119
2.125	0.2	0.4979	0.0124
2.125	0.3	0.6938	0.0194
2.125	0.4	0.8401	0.0178
2.125	0.5	1.03	0.0187
2.125	0.6	1.2613	0.0206
2.125	0.7	1.5118	0.0248
2.125	0.8	1.6147	0.0283
2.125	0.88	1.7462	0.0663
2.135	-0.9	0.6472	0.1933
2.135	-0.8	0.422	0.0413
2.135	-0.7	0.3025	0.0169
2.135	-0.6	0.2136	0.013
2.135	-0.5	0.1805	0.0106
2.135	-0.4	0.1388	0.0084
2.135	-0.3	0.1437	0.0077
2.135	-0.2	0.171	0.0091
2.135	-0.1	0.2045	0.0096
2.135	0	0.3104	0.0146
2.135	0.1	0.3383	0.0113
2.135	0.2	0.4793	0.0125
2.135	0.3	0.6491	0.0157
2.135	0.4	0.8057	0.0172
2.135	0.5	0.991	0.0185
2.135	0.6	1.2392	0.0209
2.135	0.7	1.4348	0.0262
2.135	0.8	1.6412	0.0295
2.135	0.88	1.7543	0.0584
2.145	-0.8	0.3166	0.0358
2.145	-0.7	0.2639	0.0191
2.145	-0.6	0.2028	0.0128
2.145	-0.5	0.1641	0.0105
2.145	-0.4	0.16	0.0094
2.145	-0.3	0.1494	0.0081
2.145	-0.2	0.1792	0.0097
2.145	-0.1	0.2099	0.0102
2.145	0	0.2824	0.0144
2.145	0.1	0.3471	0.0125
2.145	0.2	0.454	0.0126
2.145	0.3	0.5863	0.0154
2.145	0.4	0.7643	0.0171
2.145	0.5	0.9441	0.0195
2.145	0.6	1.1948	0.021
2.145	0.7	1.3851	0.0246
2.145	0.8	1.6906	0.0305
2.145	0.88	1.6264	0.0537
2.155	-0.9	0.3509	0.1313
2.155	-0.8	0.3334	0.0359
2.155	-0.7	0.2748	0.0189
2.155	-0.6	0.2307	0.0134
2.155	-0.5	0.1765	0.011
2.155	-0.4	0.1546	0.0092
2.155	-0.3	0.1456	0.0079
2.155	-0.2	0.1709	0.0095
2.155	-0.1	0.1902	0.0094
2.155	0	0.2751	0.0144
2.155	0.1	0.3052	0.0112
2.155	0.2	0.3989	0.0114
2.155	0.3	0.5399	0.0142
2.155	0.4	0.6911	0.0161
2.155	0.5	0.8759	0.0175
2.155	0.6	1.1161	0.0201
2.155	0.7	1.4224	0.0255
2.155	0.8	1.529	0.0284
2.155	0.88	1.5914	0.0544
2.165	-0.89	0.3248	0.0737
2.165	-0.8	0.299	0.0314
2.165	-0.7	0.247	0.0176
2.165	-0.6	0.2032	0.0146
2.165	-0.5	0.1782	0.0108
2.165	-0.4	0.1499	0.0086
2.165	-0.3	0.1337	0.0075
2.165	-0.2	0.1513	0.0087
2.165	-0.1	0.1687	0.0086
2.165	0	0.2273	0.0128
2.165	0.1	0.2807	0.0102
2.165	0.2	0.3943	0.0113
2.165	0.3	0.5437	0.0142
2.165	0.4	0.6723	0.0156
2.165	0.5	0.819	0.0165
2.165	0.6	1.0626	0.0193
2.165	0.7	1.3428	0.0241
2.165	0.8	1.5269	0.0283
2.165	0.88	1.6238	0.0549
2.175	-0.9	0.2504	0.068
2.175	-0.8	0.2532	0.1182
2.175	-0.7	0.2346	0.0697
2.175	-0.6	0.2285	0.0375
2.175	-0.5	0.1787	0.0257
2.175	-0.4	0.1321	0.0083
2.175	-0.3	0.1331	0.0074
2.175	-0.2	0.1386	0.0083
2.175	-0.1	0.1599	0.0082
2.175	0	0.2151	0.0121
2.175	0.1	0.2648	0.0097
2.175	0.2	0.3611	0.0106
2.175	0.3	0.5173	0.0136
2.175	0.4	0.6582	0.0152
2.175	0.5	0.8414	0.0169
2.175	0.6	1.135	0.0201
2.175	0.7	1.3738	0.0243
2.175	0.8	1.6109	0.0284
2.175	0.88	1.7968	0.0591
2.185	-0.9	0.1899	0.0651
2.185	-0.8	0.3215	0.0367
2.185	-0.7	0.2201	0.0165
2.185	-0.6	0.2012	0.0124
2.185	-0.5	0.1659	0.0102
2.185	-0.4	0.1431	0.0084
2.185	-0.3	0.1281	0.0073
2.185	-0.2	0.1432	0.0086
2.185	-0.1	0.1567	0.0084
2.185	0	0.2264	0.0127
2.185	0.1	0.2566	0.0095
2.185	0.2	0.3342	0.0103
2.185	0.3	0.4908	0.0134
2.185	0.4	0.6413	0.0152
2.185	0.5	0.819	0.0169
2.185	0.6	1.0407	0.0191
2.185	0.7	1.2782	0.0234
2.185	0.8	1.5131	0.0318
2.185	0.88	1.6669	0.0563
2.195	-0.89	0.3081	0.1032
2.195	-0.8	0.334	0.0393
2.195	-0.7	0.21	0.0179
2.195	-0.6	0.2016	0.0134
2.195	-0.5	0.1454	0.0103
2.195	-0.4	0.1464	0.0096
2.195	-0.3	0.1351	0.0086
2.195	-0.2	0.1378	0.0095
2.195	-0.1	0.1475	0.0088
2.195	0	0.2005	0.0133
2.195	0.1	0.2583	0.0107
2.195	0.2	0.3643	0.0122
2.195	0.3	0.4909	0.0152
2.195	0.4	0.6662	0.0174
2.195	0.5	0.8395	0.019
2.195	0.6	1.1459	0.0229
2.195	0.7	1.3254	0.0262
2.195	0.8	1.5863	0.0308
2.195	0.88	1.7053	0.0614
2.205	-0.89	0.4694	0.1249
2.205	-0.8	0.3023	0.0375
2.205	-0.7	0.2305	0.0187
2.205	-0.6	0.2017	0.0137
2.205	-0.5	0.168	0.0115
2.205	-0.4	0.1289	0.0089
2.205	-0.3	0.1261	0.0081
2.205	-0.2	0.1229	0.0088
2.205	-0.1	0.1419	0.0086
2.205	0	0.1745	0.0125
2.205	0.1	0.2317	0.0099
2.205	0.2	0.3377	0.0117
2.205	0.3	0.469	0.0145
2.205	0.4	0.5885	0.0159
2.205	0.5	0.7727	0.0191
2.205	0.6	1.0613	0.0214
2.205	0.7	1.3984	0.0272
2.205	0.8	1.6776	0.0323
2.205	0.88	1.5911	0.0568
2.215	-0.89	0.2612	0.0796
2.215	-0.8	0.2114	0.0248
2.215	-0.7	0.2015	0.0136
2.215	-0.6	0.1842	0.012
2.215	-0.5	0.1487	0.0096
2.215	-0.4	0.1295	0.0082
2.215	-0.3	0.1082	0.0068
2.215	-0.2	0.1141	0.0079
2.215	-0.1	0.1265	0.0074
2.215	0	0.1806	0.0116
2.215	0.1	0.2238	0.0091
2.215	0.2	0.2904	0.0096
2.215	0.3	0.3936	0.012
2.215	0.4	0.5313	0.0138
2.215	0.5	0.6943	0.0157
2.215	0.6	0.9801	0.0188
2.215	0.7	1.2751	0.0238
2.215	0.8	1.5369	0.0282
2.215	0.88	1.5405	0.0515
2.225	-0.8	0.2221	0.027
2.225	-0.7	0.1585	0.0139
2.225	-0.6	0.1514	0.011
2.225	-0.5	0.1304	0.0092
2.225	-0.4	0.1118	0.0077
2.225	-0.3	0.1006	0.0067
2.225	-0.2	0.1099	0.0076
2.225	-0.1	0.128	0.0078
2.225	0	0.165	0.011
2.225	0.1	0.1891	0.0082
2.225	0.2	0.2776	0.0097
2.225	0.3	0.3533	0.0114
2.225	0.4	0.4936	0.0138
2.225	0.5	0.671	0.0156
2.225	0.6	0.9612	0.0202
2.225	0.7	1.2139	0.0233
2.225	0.8	1.471	0.0275
2.225	0.88	1.6299	0.0552
2.235	-0.89	0.2879	0.1313
2.235	-0.8	0.2431	0.0306
2.235	-0.7	0.1884	0.0137
2.235	-0.6	0.1547	0.0115
2.235	-0.5	0.1218	0.0089
2.235	-0.4	0.103	0.0077
2.235	-0.3	0.0995	0.0069
2.235	-0.2	0.1098	0.0079
2.235	-0.1	0.1257	0.0079
2.235	0	0.1373	0.0098
2.235	0.1	0.1848	0.0084
2.235	0.2	0.2675	0.0096
2.235	0.3	0.3583	0.0117
2.235	0.4	0.4541	0.0131
2.235	0.5	0.6317	0.0149
2.235	0.6	0.9216	0.0187
2.235	0.7	1.191	0.0235
2.235	0.8	1.4829	0.0288
2.235	0.88	1.5145	0.055
2.245	-0.89	0.2143	0.0659
2.245	-0.8	0.2191	0.0287
2.245	-0.7	0.1496	0.0135
2.245	-0.6	0.1471	0.0109
2.245	-0.5	0.1297	0.009
2.245	-0.4	0.1181	0.0079
2.245	-0.3	0.1058	0.0068
2.245	-0.2	0.097	0.0072
2.245	-0.1	0.1023	0.0069
2.245	0	0.1427	0.0103
2.245	0.1	0.168	0.0078
2.245	0.2	0.2287	0.0126
2.245	0.3	0.3264	0.0108
2.245	0.4	0.4457	0.0127
2.245	0.5	0.6296	0.015
2.245	0.6	0.9119	0.0189
2.245	0.7	1.1198	0.0223
2.245	0.8	1.4506	0.0273
2.245	0.88	1.3917	0.0614
2.255	-0.89	0.2148	0.0748
2.255	-0.8	0.2404	0.0308
2.255	-0.7	0.1931	0.0159
2.255	-0.6	0.1457	0.0105
2.255	-0.5	0.1286	0.0093
2.255	-0.4	0.1125	0.0078
2.255	-0.3	0.1059	0.0071
2.255	-0.2	0.109	0.0079
2.255	-0.1	0.1136	0.0072
2.255	0	0.1468	0.0102
2.255	0.1	0.17	0.0078
2.255	0.2	0.2473	0.0092
2.255	0.3	0.3204	0.0107
2.255	0.4	0.4396	0.0124
2.255	0.5	0.6459	0.0147
2.255	0.6	0.9139	0.0186
2.255	0.7	1.2386	0.0232
2.255	0.8	1.565	0.0283
2.255	0.88	1.5228	0.0649
2.265	-0.89	0.1773	0.0559
2.265	-0.8	0.2161	0.0276
2.265	-0.7	0.1524	0.0139
2.265	-0.6	0.138	0.0103
2.265	-0.5	0.1054	0.0118
2.265	-0.4	0.1113	0.0075
2.265	-0.3	0.095	0.0066
2.265	-0.2	0.0969	0.0075
2.265	-0.1	0.1184	0.0075
2.265	0	0.1535	0.0103
2.265	0.1	0.1747	0.008
2.265	0.2	0.2454	0.0091
2.265	0.3	0.3207	0.0108
2.265	0.4	0.423	0.0123
2.265	0.5	0.6493	0.0153
2.265	0.6	0.9484	0.0192
2.265	0.7	1.1823	0.023
2.265	0.8	1.5488	0.0284
2.265	0.88	1.6042	0.1054
2.275	-0.89	0.1834	0.0636
2.275	-0.8	0.1953	0.0281
2.275	-0.7	0.1739	0.0151
2.275	-0.6	0.1374	0.0106
2.275	-0.5	0.119	0.0088
2.275	-0.4	0.1066	0.0076
2.275	-0.3	0.0947	0.0068
2.275	-0.2	0.0971	0.0074
2.275	-0.1	0.1073	0.0074
2.275	0	0.1433	0.0102
2.275	0.1	0.1585	0.0076
2.275	0.2	0.2128	0.0086
2.275	0.3	0.3034	0.0106
2.275	0.4	0.4292	0.0127
2.275	0.5	0.6076	0.0147
2.275	0.6	0.9005	0.019
2.275	0.7	1.2345	0.0244
2.275	0.8	1.5447	0.0281
2.275	0.88	1.6741	0.0593
2.285	-0.8	0.1978	0.0255
2.285	-0.7	0.1492	0.0193
2.285	-0.6	0.1452	0.0197
2.285	-0.5	0.1094	0.0146
2.285	-0.4	0.0971	0.0071
2.285	-0.3	0.0799	0.0062
2.285	-0.2	0.0916	0.007
2.285	-0.1	0.1162	0.0077
2.285	0	0.1056	0.008
2.285	0.1	0.1379	0.0069
2.285	0.2	0.2257	0.0086
2.285	0.3	0.2989	0.0104
2.285	0.4	0.3738	0.0114
2.285	0.5	0.5818	0.0139
2.285	0.6	0.8456	0.018
2.285	0.7	1.1154	0.022
2.285	0.8	1.4531	0.0269
2.285	0.88	1.5893	0.0524
2.295	-0.89	0.209	0.1006
2.295	-0.8	0.1884	0.0264
2.295	-0.7	0.1544	0.0138
2.295	-0.6	0.1171	0.0095
2.295	-0.5	0.0974	0.0077
2.295	-0.4	0.1004	0.0074
2.295	-0.3	0.0831	0.0062
2.295	-0.2	0.0896	0.007
2.295	-0.1	0.0847	0.0065
2.295	0	0.1218	0.009
2.295	0.1	0.1383	0.0068
2.295	0.2	0.1943	0.0079
2.295	0.3	0.2477	0.0091
2.295	0.4	0.3938	0.0118
2.295	0.5	0.5512	0.0137
2.295	0.6	0.778	0.0168
2.295	0.7	1.1331	0.0223
2.295	0.8	1.4314	0.0266
2.295	0.88	1.3201	0.0465
2.305	-0.89	0.2423	0.0671
2.305	-0.8	0.172	0.0237
2.305	-0.7	0.148	0.0131
2.305	-0.6	0.1038	0.0102
2.305	-0.5	0.0939	0.0084
2.305	-0.4	0.0843	0.0064
2.305	-0.3	0.0933	0.0063
2.305	-0.2	0.0931	0.0067
2.305	-0.1	0.0961	0.0073
2.305	0	0.1303	0.0091
2.305	0.1	0.1387	0.0067
2.305	0.2	0.1804	0.0073
2.305	0.3	0.242	0.0088
2.305	0.4	0.3479	0.0107
2.305	0.5	0.5352	0.013
2.305	0.6	0.7943	0.0171
2.305	0.7	1.0784	0.0213
2.305	0.8	1.4643	0.026
2.305	0.88	1.4637	0.0478
2.315	-0.89	0.1624	0.0491
2.315	-0.8	0.2208	0.0301
2.315	-0.7	0.1301	0.0128
2.315	-0.6	0.1084	0.0093
2.315	-0.5	0.0781	0.007
2.315	-0.4	0.0805	0.0065
2.315	-0.3	0.0786	0.0061
2.315	-0.2	0.0678	0.0059
2.315	-0.1	0.0857	0.0073
2.315	0	0.0953	0.0074
2.315	0.1	0.1248	0.0067
2.315	0.2	0.1788	0.0077
2.315	0.3	0.2019	0.0084
2.315	0.4	0.3132	0.0105
2.315	0.5	0.4611	0.0125
2.315	0.6	0.7016	0.0166
2.315	0.7	0.9638	0.0202
2.315	0.8	1.3491	0.0259
2.315	0.88	1.3479	0.0502
2.325	-0.8	0.1683	0.0249
2.325	-0.7	0.1229	0.0121
2.325	-0.6	0.1064	0.0091
2.325	-0.5	0.0899	0.0075
2.325	-0.4	0.0704	0.0059
2.325	-0.3	0.0771	0.0061
2.325	-0.2	0.074	0.0063
2.325	-0.1	0.0944	0.0076
2.325	0	0.1002	0.0076
2.325	0.1	0.1076	0.0062
2.325	0.2	0.1613	0.0071
2.325	0.3	0.2079	0.0085
2.325	0.4	0.3253	0.0107
2.325	0.5	0.472	0.0126
2.325	0.6	0.7214	0.0171
2.325	0.7	0.9586	0.0202
2.325	0.8	1.3336	0.0306
2.325	0.88	1.3499	0.0536
2.335	-0.8	0.1481	0.0225
2.335	-0.7	0.1161	0.012
2.335	-0.6	0.0996	0.0089
2.335	-0.5	0.0763	0.0069
2.335	-0.4	0.072	0.0061
2.335	-0.3	0.0751	0.0062
2.335	-0.2	0.0718	0.0061
2.335	-0.1	0.0837	0.0073
2.335	0	0.0899	0.007
2.335	0.1	0.1018	0.0059
2.335	0.2	0.1442	0.0068
2.335	0.3	0.1944	0.0082
2.335	0.4	0.2818	0.0103
2.335	0.5	0.4598	0.0136
2.335	0.6	0.6642	0.0174
2.335	0.7	0.9891	0.021
2.335	0.8	1.3358	0.0259
2.335	0.88	1.2743	0.0455
2.345	-0.8	0.1492	0.0226
2.345	-0.7	0.1168	0.0121
2.345	-0.6	0.0849	0.0081
2.345	-0.5	0.0866	0.0077
2.345	-0.4	0.0717	0.0064
2.345	-0.3	0.078	0.0062
2.345	-0.2	0.06	0.0056
2.345	-0.1	0.0787	0.0073
2.345	0	0.0889	0.0067
2.345	0.1	0.116	0.0063
2.345	0.2	0.1272	0.0066
2.345	0.3	0.1739	0.0078
2.345	0.4	0.2613	0.0102
2.345	0.5	0.4311	0.0122
2.345	0.6	0.6979	0.0174
2.345	0.7	0.9401	0.0203
2.345	0.8	1.2779	0.0249
2.345	0.88	1.2602	0.0475
2.355	-0.8	0.1304	0.0204
2.355	-0.7	0.1064	0.0117
2.355	-0.6	0.09	0.0084
2.355	-0.5	0.0742	0.0067
2.355	-0.4	0.0831	0.0064
2.355	-0.3	0.0772	0.0062
2.355	-0.2	0.0728	0.0059
2.355	-0.1	0.0905	0.0078
2.355	0	0.0932	0.0068
2.355	0.1	0.0967	0.0055
2.355	0.2	0.1336	0.0065
2.355	0.3	0.1787	0.0099
2.355	0.4	0.2711	0.0095
2.355	0.5	0.4335	0.0118
2.355	0.6	0.7259	0.0168
2.355	0.7	1.0393	0.0211
2.355	0.8	1.4173	0.0259
2.355	0.88	1.4605	0.0554
2.365	-0.89	0.1408	0.0481
2.365	-0.8	0.1397	0.0227
2.365	-0.7	0.1108	0.0122
2.365	-0.6	0.0883	0.0088
2.365	-0.5	0.0701	0.0076
2.365	-0.4	0.0669	0.0062
2.365	-0.3	0.0687	0.0062
2.365	-0.2	0.0714	0.0063
2.365	-0.1	0.0812	0.0078
2.365	0	0.0849	0.0065
2.365	0.1	0.098	0.0062
2.365	0.2	0.1288	0.0068
2.365	0.3	0.1684	0.008
2.365	0.4	0.2806	0.0105
2.365	0.5	0.443	0.0133
2.365	0.6	0.6926	0.0192
2.365	0.7	1.071	0.0237
2.365	0.8	1.358	0.0266
2.365	0.88	1.4558	0.0622
2.375	-0.8	0.1385	0.0217
2.375	-0.7	0.1028	0.0112
2.375	-0.6	0.0819	0.0077
2.375	-0.5	0.0729	0.0065
2.375	-0.4	0.0655	0.0057
2.375	-0.3	0.0604	0.0055
2.375	-0.2	0.0543	0.0051
2.375	-0.1	0.0958	0.0085
2.375	0	0.0849	0.0061
2.375	0.1	0.1025	0.0064
2.375	0.2	0.1156	0.006
2.375	0.3	0.1754	0.0076
2.375	0.4	0.2362	0.0089
2.375	0.5	0.4157	0.0119
2.375	0.6	0.6612	0.0163
2.375	0.7	1.0314	0.0214
2.375	0.8	1.314	0.025
2.375	0.88	1.4835	0.0609
2.385	-0.8	0.11	0.0201
2.385	-0.7	0.0911	0.0107
2.385	-0.6	0.0741	0.0078
2.385	-0.5	0.0693	0.0068
2.385	-0.4	0.0586	0.0057
2.385	-0.3	0.0613	0.0058
2.385	-0.2	0.0722	0.0063
2.385	-0.1	0.0581	0.0064
2.385	0	0.0798	0.0061
2.385	0.1	0.0761	0.0052
2.385	0.2	0.1044	0.006
2.385	0.3	0.1463	0.0074
2.385	0.4	0.2111	0.0092
2.385	0.5	0.3737	0.0131
2.385	0.6	0.5455	0.0167
2.385	0.7	0.8811	0.0215
2.385	0.8	1.1525	0.0258
2.385	0.88	1.227	0.0552
2.395	-0.8	0.113	0.0223
2.395	-0.7	0.1006	0.0122
2.395	-0.6	0.0735	0.0084
2.395	-0.5	0.0461	0.0057
2.395	-0.4	0.0565	0.0058
2.395	-0.3	0.0629	0.0062
2.395	-0.2	0.0678	0.0063
2.395	-0.1	0.0784	0.0079
2.395	0	0.0677	0.0056
2.395	0.1	0.0795	0.0057
2.395	0.2	0.0783	0.0053
2.395	0.3	0.1362	0.0073
2.395	0.4	0.2142	0.0095
2.395	0.5	0.345	0.012
2.395	0.6	0.5962	0.018
2.395	0.7	0.8631	0.0261
2.395	0.8	1.1592	0.0248
2.395	0.88	1.2522	0.0612
2.405	-0.8	0.1248	0.0227
2.405	-0.7	0.0819	0.0113
2.405	-0.6	0.0549	0.0087
2.405	-0.5	0.0535	0.0065
2.405	-0.4	0.0521	0.0058
2.405	-0.3	0.0668	0.0069
2.405	-0.2	0.0714	0.0067
2.405	-0.1	0.0668	0.0082
2.405	0	0.0668	0.0058
2.405	0.1	0.0776	0.0059
2.405	0.2	0.0821	0.0058
2.405	0.3	0.1157	0.0069
2.405	0.4	0.1945	0.0093
2.405	0.5	0.3359	0.0119
2.405	0.6	0.5276	0.0163
2.405	0.7	0.8249	0.0206
2.405	0.8	1.1468	0.0255
2.405	0.88	1.0952	0.0636
2.415	-0.8	0.1046	0.0187
2.415	-0.7	0.0659	0.0099
2.415	-0.6	0.0629	0.0077
2.415	-0.5	0.0436	0.0056
2.415	-0.4	0.0562	0.0057
2.415	-0.3	0.0624	0.0062
2.415	-0.2	0.0622	0.0058
2.415	-0.1	0.0794	0.0084
2.415	0	0.0612	0.0052
2.415	0.1	0.0622	0.0048
2.415	0.2	0.0802	0.0053
2.415	0.3	0.1242	0.0067
2.415	0.4	0.1839	0.0082
2.415	0.5	0.3449	0.0115
2.415	0.6	0.577	0.0162
2.415	0.7	0.8554	0.02
2.415	0.8	1.1602	0.0242
2.415	0.88	1.3088	0.081
2.425	-0.8	0.1352	0.0231
2.425	-0.7	0.08	0.0098
2.425	-0.6	0.064	0.007
2.425	-0.5	0.0521	0.0056
2.425	-0.4	0.0522	0.0053
2.425	-0.3	0.057	0.0057
2.425	-0.2	0.0534	0.005
2.425	-0.1	0.0652	0.0087
2.425	0	0.076	0.0077
2.425	0.1	0.0756	0.0058
2.425	0.2	0.0947	0.0055
2.425	0.3	0.1207	0.0063
2.425	0.4	0.1701	0.0075
2.425	0.5	0.3116	0.01
2.425	0.6	0.5545	0.0151
2.425	0.7	0.8711	0.0195
2.425	0.8	1.2416	0.0275
2.425	0.88	1.303	0.0832
2.435	-0.8	0.121	0.0303
2.435	-0.7	0.0778	0.0112
2.435	-0.6	0.0453	0.0074
2.435	-0.5	0.0561	0.0061
2.435	-0.4	0.0544	0.0055
2.435	-0.3	0.064	0.0063
2.435	-0.2	0.0664	0.0059
2.435	-0.1	0.059	0.007
2.435	0	0.0745	0.0059
2.435	0.1	0.066	0.0049
2.435	0.2	0.0843	0.0055
2.435	0.3	0.1159	0.0066
2.435	0.4	0.1639	0.0077
2.435	0.5	0.3165	0.0106
2.435	0.6	0.5375	0.0153
2.435	0.7	0.8112	0.0192
2.435	0.8	1.1859	0.0248
2.435	0.88	1.0428	0.0733
2.445	-0.8	0.1236	0.0222
2.445	-0.7	0.0625	0.0086
2.445	-0.6	0.0439	0.0069
2.445	-0.5	0.0502	0.0056
2.445	-0.4	0.0422	0.0047
2.445	-0.3	0.0503	0.0054
2.445	-0.2	0.0588	0.0054
2.445	-0.1	0.0683	0.0072
2.445	0	0.0716	0.0053
2.445	0.1	0.058	0.0046
2.445	0.2	0.0742	0.0048
2.445	0.3	0.1038	0.006
2.445	0.4	0.1626	0.0076
2.445	0.5	0.3252	0.0105
2.445	0.6	0.5608	0.0214
2.445	0.7	0.9249	0.0299
2.445	0.8	1.1498	0.033
2.445	0.88	0.9476	0.1084
2.455	-0.8	0.0981	0.0183
2.455	-0.7	0.0667	0.0087
2.455	-0.6	0.0451	0.0069
2.455	-0.5	0.0419	0.005
2.455	-0.4	0.0411	0.0044
2.455	-0.3	0.0512	0.0053
2.455	-0.2	0.0625	0.0054
2.455	-0.1	0.0583	0.0065
2.455	0	0.0577	0.0046
2.455	0.1	0.0656	0.0045
2.455	0.2	0.0786	0.0051
2.455	0.3	0.1089	0.0061
2.455	0.4	0.1458	0.007
2.455	0.5	0.3034	0.0101
2.455	0.6	0.5222	0.015
2.455	0.7	0.7882	0.018
2.455	0.8	1.1478	0.0254
2.455	0.88	0.8592	0.0804
2.465	-0.8	0.0791	0.0158
2.465	-0.7	0.0498	0.0142
2.465	-0.6	0.0363	0.0067
2.465	-0.5	0.0335	0.0049
2.465	-0.4	0.0422	0.0049
2.465	-0.3	0.0432	0.0054
2.465	-0.2	0.0486	0.0052
2.465	-0.1	0.0567	0.0068
2.465	0	0.0507	0.0048
2.465	0.1	0.0523	0.0045
2.465	0.2	0.0699	0.0054
2.465	0.3	0.0941	0.0061
2.465	0.4	0.1563	0.0077
2.465	0.5	0.275	0.0107
2.465	0.6	0.5307	0.0162
2.465	0.7	0.7985	0.0195
2.465	0.8	1.121	0.0241
2.465	0.87	1.1203	0.043
2.475	-0.8	0.0828	0.0172
2.475	-0.7	0.058	0.0089
2.475	-0.6	0.0409	0.0069
2.475	-0.5	0.0323	0.0045
2.475	-0.4	0.0402	0.0048
2.475	-0.3	0.0519	0.0057
2.475	-0.2	0.0541	0.0053
2.475	-0.1	0.0543	0.0064
2.475	0	0.0595	0.0048
2.475	0.1	0.0543	0.0044
2.475	0.2	0.0561	0.0044
2.475	0.3	0.0841	0.0053
2.475	0.4	0.1399	0.0069
2.475	0.5	0.2678	0.0098
2.475	0.6	0.4799	0.0146
2.475	0.7	0.8116	0.019
2.475	0.8	1.1442	0.0229
2.475	0.87	1.1938	0.0588
2.485	-0.8	0.1023	0.0191
2.485	-0.7	0.0644	0.0092
2.485	-0.6	0.0517	0.0076
2.485	-0.5	0.0317	0.0046
2.485	-0.4	0.04	0.0047
2.485	-0.3	0.053	0.0056
2.485	-0.2	0.0515	0.005
2.485	-0.1	0.0665	0.007
2.485	0	0.0497	0.0044
2.485	0.1	0.0679	0.0048
2.485	0.2	0.0646	0.0046
2.485	0.3	0.0803	0.0053
2.485	0.4	0.1342	0.0067
2.485	0.5	0.2706	0.0099
2.485	0.6	0.5173	0.0203
2.485	0.7	0.8382	0.0256
2.485	0.8	1.1559	0.0282
2.485	0.87	1.2641	0.0606
2.495	-0.8	0.0802	0.0165
2.495	-0.7	0.0491	0.0081
2.495	-0.6	0.0347	0.0054
2.495	-0.5	0.0276	0.0044
2.495	-0.4	0.0298	0.004
2.495	-0.3	0.0391	0.0049
2.495	-0.2	0.0404	0.0046
2.495	-0.1	0.0556	0.0065
2.495	0	0.0585	0.0049
2.495	0.1	0.053	0.0043
2.495	0.2	0.0588	0.0044
2.495	0.3	0.0709	0.0048
2.495	0.4	0.1304	0.0068
2.495	0.5	0.2517	0.0094
2.495	0.6	0.4662	0.0144
2.495	0.7	0.7507	0.0239
2.495	0.8	1.028	0.035
2.495	0.87	1.2025	0.0634
2.505	-0.8	0.0695	0.0144
2.505	-0.7	0.048	0.0078
2.505	-0.6	0.0365	0.0065
2.505	-0.5	0.0339	0.0049
2.505	-0.4	0.0272	0.0038
2.505	-0.3	0.0428	0.0054
2.505	-0.2	0.0515	0.0056
2.505	-0.1	0.0513	0.0062
2.505	0	0.0408	0.0041
2.505	0.1	0.0545	0.0044
2.505	0.2	0.0596	0.0045
2.505	0.3	0.0799	0.0052
2.505	0.4	0.1374	0.0069
2.505	0.5	0.2466	0.0097
2.505	0.6	0.4555	0.0141
2.505	0.7	0.7195	0.0177
2.505	0.8	1.1269	0.0241
2.505	0.87	1.0959	0.0424
2.515	-0.8	0.0647	0.0138
2.515	-0.7	0.0338	0.0064
2.515	-0.6	0.0294	0.0057
2.515	-0.5	0.0223	0.0038
2.515	-0.4	0.0281	0.0038
2.515	-0.3	0.0373	0.0048
2.515	-0.2	0.0403	0.0046
2.515	-0.1	0.0439	0.0057
2.515	0	0.0493	0.0045
2.515	0.1	0.0456	0.004
2.515	0.2	0.0547	0.0042
2.515	0.3	0.0649	0.0047
2.515	0.4	0.1146	0.0061
2.515	0.5	0.2397	0.0091
2.515	0.6	0.4597	0.0141
2.515	0.7	0.7191	0.02
2.515	0.8	1.0944	0.0235
2.515	0.87	1.1769	0.0461
2.525	-0.8	0.0765	0.0315
2.525	-0.7	0.0288	0.0065
2.525	-0.6	0.0296	0.0061
2.525	-0.5	0.024	0.0042
2.525	-0.4	0.0293	0.005
2.525	-0.3	0.0407	0.0054
2.525	-0.2	0.0408	0.005
2.525	-0.1	0.0444	0.0061
2.525	0	0.0472	0.0046
2.525	0.1	0.0491	0.0044
2.525	0.2	0.0571	0.0047
2.525	0.3	0.0744	0.0054
2.525	0.4	0.1078	0.0065
2.525	0.5	0.2303	0.0099
2.525	0.6	0.4289	0.0144
2.525	0.7	0.7463	0.0194
2.525	0.8	1.0618	0.0238
2.525	0.87	1.0559	0.043
2.535	-0.8	0.0625	0.0139
2.535	-0.7	0.0407	0.007
2.535	-0.6	0.0265	0.0051
2.535	-0.5	0.0241	0.0047
2.535	-0.4	0.0267	0.0037
2.535	-0.3	0.0403	0.005
2.535	-0.2	0.0468	0.005
2.535	-0.1	0.0397	0.0053
2.535	0	0.0464	0.0043
2.535	0.1	0.044	0.0039
2.535	0.2	0.0521	0.0041
2.535	0.3	0.064	0.0047
2.535	0.4	0.0946	0.0056
2.535	0.5	0.2124	0.0086
2.535	0.6	0.3884	0.0125
2.535	0.7	0.6829	0.0171
2.535	0.8	1.0067	0.0209
2.535	0.87	1.1456	0.0436
2.545	-0.8	0.0628	0.0145
2.545	-0.7	0.0301	0.0061
2.545	-0.6	0.0329	0.0061
2.545	-0.5	0.0256	0.0041
2.545	-0.4	0.0224	0.0036
2.545	-0.3	0.031	0.0046
2.545	-0.2	0.0357	0.0044
2.545	-0.1	0.0441	0.0058
2.545	0	0.0444	0.0042
2.545	0.1	0.0482	0.0041
2.545	0.2	0.0538	0.0042
2.545	0.3	0.0654	0.0046
2.545	0.4	0.0941	0.0067
2.545	0.5	0.2163	0.009
2.545	0.6	0.4064	0.0134
2.545	0.7	0.7395	0.0184
2.545	0.8	1.0303	0.0218
2.545	0.87	1.0945	0.0435
2.555	-0.8	0.0917	0.0196
2.555	-0.7	0.0413	0.0075
2.555	-0.6	0.0217	0.0048
2.555	-0.5	0.0143	0.0031
2.555	-0.4	0.0324	0.0044
2.555	-0.3	0.0377	0.0051
2.555	-0.2	0.0353	0.0045
2.555	-0.1	0.0388	0.005
2.555	0	0.0316	0.0037
2.555	0.1	0.0416	0.0039
2.555	0.2	0.0451	0.0047
2.555	0.3	0.0519	0.0043
2.555	0.4	0.0991	0.0058
2.555	0.5	0.1906	0.0087
2.555	0.6	0.3904	0.0138
2.555	0.7	0.6926	0.0213
2.555	0.8	1.0333	0.0258
2.555	0.87	1.2542	0.0524
2.565	-0.4	0.0261	0.0049
2.565	-0.3	0.0326	0.0045
2.565	-0.2	0.0319	0.0043
2.565	-0.1	0.0346	0.0047
2.565	0	0.039	0.0039
2.565	0.1	0.0371	0.0036
2.565	0.2	0.046	0.004
2.565	0.3	0.0573	0.0044
2.565	0.4	0.0963	0.0057
2.565	0.5	0.1954	0.0084
2.565	0.6	0.394	0.0129
2.565	0.7	0.699	0.0176
2.565	0.8	1.0463	0.0222
2.565	0.87	1.0448	0.045
2.575	-0.8	0.0669	0.0135
2.575	-0.7	0.04	0.0075
2.575	-0.6	0.0229	0.0051
2.575	-0.5	0.0294	0.0044
2.575	-0.4	0.0232	0.0036
2.575	-0.3	0.0295	0.0045
2.575	-0.2	0.0381	0.005
2.575	-0.1	0.0324	0.0045
2.575	0	0.0356	0.0037
2.575	0.1	0.0313	0.0033
2.575	0.2	0.0446	0.004
2.575	0.3	0.0571	0.0044
2.575	0.4	0.0828	0.0052
2.575	0.5	0.1613	0.0078
2.575	0.6	0.3557	0.0121
2.575	0.7	0.6506	0.0171
2.575	0.8	0.9421	0.0222
2.575	0.87	1.1528	0.0664
2.585	-0.8	0.0868	0.0193
2.585	-0.7	0.0466	0.0087
2.585	-0.6	0.0292	0.0061
2.585	-0.5	0.0247	0.0044
2.585	-0.4	0.0296	0.0046
2.585	-0.3	0.0344	0.0051
2.585	-0.2	0.0321	0.0051
2.585	-0.1	0.0349	0.0046
2.585	0	0.0274	0.0034
2.585	0.1	0.0338	0.0037
2.585	0.2	0.0404	0.004
2.585	0.3	0.0477	0.0054
2.585	0.4	0.0756	0.0054
2.585	0.5	0.1693	0.0087
2.585	0.6	0.3367	0.013
2.585	0.7	0.6207	0.0179
2.585	0.8	0.9633	0.0226
2.585	0.87	1.0632	0.0492
2.595	-0.5	0.0185	0.0055
2.595	-0.4	0.0298	0.0097
2.595	-0.3	0.0282	0.0049
2.595	-0.2	0.0359	0.0057
2.595	-0.1	0.0325	0.0048
2.595	0	0.0329	0.004
2.595	0.1	0.0237	0.0032
2.595	0.2	0.0292	0.0035
2.595	0.3	0.0459	0.0044
2.595	0.4	0.0828	0.0058
2.595	0.5	0.1668	0.009
2.595	0.6	0.336	0.0131
2.595	0.7	0.5697	0.0172
2.595	0.8	0.9055	0.0221
2.595	0.87	0.9959	0.05
2.605	-0.8	0.0794	0.0141
2.605	-0.7	0.0416	0.0059
2.605	-0.6	0.0221	0.004
2.605	-0.5	0.0149	0.0025
2.605	-0.4	0.0183	0.0027
2.605	-0.3	0.0311	0.0038
2.605	-0.2	0.0226	0.0033
2.605	-0.1	0.0297	0.0032
2.605	0	0.0324	0.0029
2.605	0.1	0.0299	0.0026
2.605	0.2	0.0301	0.0026
2.605	0.3	0.0389	0.003
2.605	0.4	0.0726	0.0043
2.605	0.5	0.1781	0.0078
2.605	0.6	0.3283	0.0098
2.605	0.7	0.5881	0.0135
2.605	0.8	0.9491	0.0179
2.605	0.87	1.0555	0.0425
2.615	-0.8	0.0709	0.0125
2.615	-0.7	0.0395	0.0059
2.615	-0.6	0.0146	0.0032
2.615	-0.5	0.0189	0.0028
2.615	-0.4	0.0172	0.0026
2.615	-0.3	0.0234	0.0032
2.615	-0.2	0.0207	0.0029
2.615	-0.1	0.0294	0.0031
2.615	0	0.0288	0.0027
2.615	0.1	0.0348	0.0028
2.615	0.2	0.0332	0.0028
2.615	0.3	0.0397	0.003
2.615	0.4	0.0738	0.0039
2.615	0.5	0.1528	0.0063
2.615	0.6	0.3101	0.0094
2.615	0.7	0.5933	0.0136
2.615	0.8	0.9717	0.0178
2.615	0.87	0.9172	0.0365
2.625	-0.8	0.0569	0.0151
2.625	-0.7	0.0372	0.0069
2.625	-0.6	0.0168	0.0043
2.625	-0.5	0.0192	0.0035
2.625	-0.4	0.0231	0.0037
2.625	-0.3	0.0263	0.004
2.625	-0.2	0.022	0.0038
2.625	-0.1	0.0262	0.0036
2.625	0	0.0247	0.0032
2.625	0.1	0.029	0.0031
2.625	0.2	0.0311	0.0033
2.625	0.3	0.0346	0.0034
2.625	0.4	0.0603	0.0043
2.625	0.5	0.1428	0.0073
2.625	0.6	0.3121	0.0119
2.625	0.7	0.5941	0.0224
2.625	0.8	0.9447	0.0239
2.625	0.87	1.054	0.0522
2.635	-0.8	0.0619	0.0159
2.635	-0.7	0.0407	0.0074
2.635	-0.6	0.0262	0.0055
2.635	-0.5	0.0174	0.0034
2.635	-0.4	0.021	0.0039
2.635	-0.3	0.0287	0.0044
2.635	-0.2	0.0253	0.0044
2.635	-0.1	0.0233	0.0035
2.635	0	0.0266	0.0034
2.635	0.1	0.0299	0.0033
2.635	0.2	0.0257	0.0031
2.635	0.3	0.0344	0.0036
2.635	0.4	0.0625	0.0046
2.635	0.5	0.1342	0.0075
2.635	0.6	0.2591	0.0105
2.635	0.7	0.564	0.0164
2.635	0.8	0.8918	0.0206
2.635	0.87	1.1291	0.0599
2.645	-0.8	0.0388	0.0112
2.645	-0.7	0.0216	0.0055
2.645	-0.6	0.0157	0.0051
2.645	-0.5	0.0165	0.0042
2.645	-0.4	0.0208	0.0037
2.645	-0.3	0.024	0.0038
2.645	-0.2	0.0299	0.0048
2.645	-0.1	0.0243	0.0035
2.645	0	0.0263	0.0033
2.645	0.1	0.027	0.0031
2.645	0.2	0.0249	0.003
2.645	0.3	0.0326	0.0034
2.645	0.4	0.0581	0.0043
2.645	0.5	0.1352	0.0073
2.645	0.6	0.2756	0.0108
2.645	0.7	0.4968	0.0144
2.645	0.8	0.8348	0.0198
2.645	0.87	0.9186	0.0525
2.655	-0.8	0.0568	0.0146
2.655	-0.7	0.0297	0.0064
2.655	-0.6	0.022	0.0048
2.655	-0.5	0.013	0.0029
2.655	-0.4	0.0169	0.0033
2.655	-0.3	0.018	0.0033
2.655	-0.2	0.0255	0.0045
2.655	-0.1	0.0226	0.0034
2.655	0	0.0188	0.0026
2.655	0.1	0.0218	0.0027
2.655	0.2	0.0263	0.0031
2.655	0.3	0.0273	0.0031
2.655	0.4	0.0553	0.0041
2.655	0.5	0.1169	0.0068
2.655	0.6	0.2498	0.01
2.655	0.7	0.51	0.015
2.655	0.8	0.8518	0.02
2.655	0.87	0.9739	0.0581
2.665	-0.8	0.0515	0.0144
2.665	-0.7	0.0319	0.0064
2.665	-0.6	0.021	0.0046
2.665	-0.5	0.0148	0.0031
2.665	-0.4	0.0188	0.0034
2.665	-0.3	0.0226	0.0037
2.665	-0.2	0.0275	0.0047
2.665	-0.1	0.0237	0.0033
2.665	0	0.0198	0.0027
2.665	0.1	0.0236	0.0028
2.665	0.2	0.0212	0.0027
2.665	0.3	0.0314	0.0032
2.665	0.4	0.0466	0.0036
2.665	0.5	0.1143	0.0065
2.665	0.6	0.249	0.0096
2.665	0.7	0.5323	0.0152
2.665	0.8	0.819	0.0191
2.665	0.87	0.8076	0.0514
2.675	-0.8	0.0403	0.0165
2.675	-0.7	0.0276	0.0062
2.675	-0.6	0.0127	0.0038
2.675	-0.5	0.0113	0.0034
2.675	-0.4	0.0156	0.0033
2.675	-0.3	0.0161	0.0032
2.675	-0.2	0.0214	0.0043
2.675	-0.1	0.017	0.0028
2.675	0	0.0257	0.0032
2.675	0.1	0.028	0.0032
2.675	0.2	0.0202	0.0027
2.675	0.3	0.0249	0.0029
2.675	0.4	0.0481	0.0039
2.675	0.5	0.109	0.0066
2.675	0.6	0.2564	0.0104
2.675	0.7	0.5096	0.0155
2.675	0.8	0.8544	0.0203
2.675	0.87	0.9117	0.0615
2.685	-0.8	0.0397	0.0119
2.685	-0.7	0.0313	0.0069
2.685	-0.6	0.0191	0.005
2.685	-0.5	0.0198	0.0048
2.685	-0.4	0.0152	0.0045
2.685	-0.3	0.0202	0.0038
2.685	-0.2	0.0132	0.0034
2.685	-0.1	0.0184	0.0031
2.685	0	0.0249	0.0034
2.685	0.1	0.0223	0.003
2.685	0.2	0.0174	0.0026
2.685	0.3	0.0287	0.0034
2.685	0.4	0.0414	0.0039
2.685	0.5	0.1202	0.0076
2.685	0.6	0.2491	0.0111
2.685	0.7	0.5067	0.0167
2.685	0.8	0.8205	0.0214
2.685	0.87	0.8221	0.0749
2.695	-0.8	0.0541	0.0148
2.695	-0.7	0.0263	0.0064
2.695	-0.6	0.0224	0.0055
2.695	-0.5	0.0131	0.0039
2.695	-0.4	0.0177	0.0037
2.695	-0.3	0.0164	0.0034
2.695	-0.2	0.0206	0.006
2.695	-0.1	0.0175	0.0029
2.695	0	0.0207	0.0031
2.695	0.1	0.0227	0.0029
2.695	0.2	0.0192	0.0028
2.695	0.3	0.0257	0.0032
2.695	0.4	0.0405	0.0038
2.695	0.5	0.0936	0.0065
2.695	0.6	0.2358	0.0102
2.695	0.7	0.4813	0.0153
2.695	0.8	0.7893	0.0198
2.695	0.87	0.9527	0.083
2.705	-0.8	0.046	0.0137
2.705	-0.7	0.0364	0.0073
2.705	-0.6	0.0197	0.0049
2.705	-0.5	0.0168	0.0042
2.705	-0.4	0.0171	0.0037
2.705	-0.3	0.0134	0.0028
2.705	-0.2	0.0178	0.0051
2.705	-0.1	0.017	0.0028
2.705	0	0.0163	0.0026
2.705	0.1	0.0181	0.0026
2.705	0.2	0.024	0.0031
2.705	0.3	0.0234	0.0031
2.705	0.4	0.0452	0.0041
2.705	0.5	0.093	0.0069
2.705	0.6	0.2324	0.0114
2.705	0.7	0.4619	0.0178
2.705	0.8	0.7611	0.0214
2.705	0.87	0.9524	0.1243
2.715	-0.8	0.0479	0.0128
2.715	-0.7	0.0249	0.0055
2.715	-0.6	0.0188	0.0043
2.715	-0.5	0.0114	0.0033
2.715	-0.4	0.0134	0.0031
2.715	-0.3	0.0116	0.0025
2.715	-0.2	0.0155	0.0035
2.715	-0.1	0.0124	0.0022
2.715	0	0.0158	0.0024
2.715	0.1	0.0184	0.0025
2.715	0.2	0.0195	0.0026
2.715	0.3	0.0291	0.0031
2.715	0.4	0.0379	0.0034
2.715	0.5	0.0967	0.0061
2.715	0.6	0.2214	0.0091
2.715	0.7	0.4291	0.0136
2.715	0.8	0.8372	0.0195
2.715	0.87	0.9969	0.1724
2.725	-0.8	0.045	0.0151
2.725	-0.7	0.0237	0.0061
2.725	-0.6	0.0142	0.0041
2.725	-0.5	0.012	0.0035
2.725	-0.4	0.0193	0.0037
2.725	-0.3	0.0162	0.0031
2.725	-0.2	0.0179	0.0044
2.725	-0.1	0.0185	0.0029
2.725	0	0.0165	0.0026
2.725	0.1	0.0158	0.0024
2.725	0.2	0.0168	0.0025
2.725	0.3	0.0195	0.0026
2.725	0.4	0.0401	0.0036
2.725	0.5	0.1021	0.0064
2.725	0.6	0.2095	0.0094
2.725	0.7	0.427	0.0135
2.725	0.8	0.7706	0.0189
2.725	0.87	1.1275	0.4561
2.755	-0.8	0.0306	0.0098
2.755	-0.7	0.0205	0.0055
2.755	-0.6	0.016	0.0042
2.755	-0.5	0.0138	0.0038
2.755	-0.4	0.0154	0.0036
2.755	-0.3	0.0085	0.0022
2.755	-0.21	0.0205	0.0093
2.755	-0.1	0.0171	0.0032
2.755	0	0.0153	0.0035
2.755	0.1	0.0113	0.0024
2.755	0.2	0.0147	0.0039
2.755	0.3	0.0166	0.0024
2.755	0.4	0.0337	0.0034
2.755	0.5	0.0724	0.0054
2.755	0.6	0.1758	0.0085
2.755	0.7	0.3668	0.0126
2.755	0.8	0.6986	0.0181
2.755	0.86	0.8673	0.0526
2.765	-0.8	0.0313	0.0108
2.765	-0.7	0.0216	0.0053
2.765	-0.6	0.0134	0.0038
2.765	-0.5	0.0119	0.0027
2.765	-0.4	0.0104	0.0027
2.765	-0.3	0.0112	0.0037
2.765	-0.2	0.0113	0.0029
2.765	-0.1	0.0115	0.0022
2.765	0	0.0134	0.0023
2.765	0.1	0.016	0.0023
2.765	0.2	0.0185	0.0026
2.765	0.3	0.0149	0.0022
2.765	0.4	0.0364	0.0034
2.765	0.5	0.0739	0.0054
2.765	0.6	0.1725	0.008
2.765	0.7	0.4106	0.0132
2.765	0.8	0.7468	0.0185
2.765	0.86	0.8612	0.0584
2.775	-0.7	0.0192	0.005
2.775	-0.6	0.0157	0.0041
2.775	-0.5	0.0127	0.0035
2.775	-0.4	0.0138	0.0032
2.775	-0.3	0.0159	0.0031
2.775	-0.2	0.0136	0.0033
2.775	-0.1	0.0122	0.0022
2.775	0	0.0113	0.0021
2.775	0.1	0.0151	0.0023
2.775	0.2	0.0138	0.0022
2.775	0.3	0.0186	0.0025
2.775	0.4	0.0273	0.0033
2.775	0.5	0.0654	0.005
2.775	0.6	0.1733	0.0082
2.775	0.7	0.3602	0.0121
2.775	0.8	0.7053	0.0177
2.775	0.86	0.8938	0.0626
2.785	-0.7	0.0133	0.0044
2.785	-0.6	0.0152	0.0041
2.785	-0.5	0.0125	0.0036
2.785	-0.4	0.0149	0.0034
2.785	-0.3	0.0155	0.0032
2.785	-0.2	0.0126	0.0032
2.785	-0.1	0.0112	0.0022
2.785	0	0.0142	0.0024
2.785	0.1	0.0128	0.0021
2.785	0.2	0.013	0.0022
2.785	0.3	0.014	0.0022
2.785	0.4	0.026	0.003
2.785	0.5	0.0594	0.0049
2.785	0.6	0.1641	0.0081
2.785	0.7	0.3656	0.0125
2.785	0.8	0.6647	0.0178
2.785	0.86	0.884	0.058
2.795	-0.8	0.0342	0.0114
2.795	-0.7	0.0188	0.0053
2.795	-0.6	0.0123	0.0039
2.795	-0.5	0.01	0.0034
2.795	-0.4	0.0117	0.0031
2.795	-0.3	0.0086	0.0024
2.795	-0.2	0.0157	0.0038
2.795	-0.1	0.0084	0.002
2.795	0	0.0125	0.0023
2.795	0.1	0.0136	0.0023
2.795	0.2	0.0117	0.0024
2.795	0.3	0.0175	0.0025
2.795	0.4	0.0274	0.0031
2.795	0.5	0.0571	0.005
2.795	0.6	0.1741	0.009
2.795	0.7	0.3623	0.0131
2.795	0.8	0.7175	0.0196
2.795	0.86	0.7328	0.0553
2.805	-0.8	0.0221	0.0083
2.805	-0.7	0.014	0.0044
2.805	-0.6	0.0128	0.0037
2.805	-0.5	0.0049	0.0022
2.805	-0.4	0.0134	0.0032
2.805	-0.3	0.013	0.0027
2.805	-0.2	0.0112	0.0038
2.805	-0.1	0.0106	0.0021
2.805	0	0.0134	0.0023
2.805	0.1	0.012	0.002
2.805	0.2	0.0133	0.0022
2.805	0.3	0.0159	0.0022
2.805	0.4	0.0283	0.0029
2.805	0.5	0.0558	0.0046
2.805	0.6	0.1556	0.0077
2.805	0.7	0.3332	0.012
2.805	0.8	0.6412	0.0169
2.805	0.86	0.6564	0.0463
2.815	-0.8	0.018	0.0073
2.815	-0.7	0.0148	0.0047
2.815	-0.6	0.0167	0.0045
2.815	-0.5	0.0078	0.0028
2.815	-0.3	0.0092	0.0025
2.815	-0.2	0.0081	0.0031
2.815	-0.1	0.0072	0.0017
2.815	0	0.0114	0.0022
2.815	0.1	0.0129	0.0024
2.815	0.2	0.0137	0.0025
2.815	0.3	0.0188	0.0027
2.815	0.4	0.0304	0.0034
2.815	0.5	0.064	0.0057
2.815	0.6	0.1313	0.0083
2.815	0.7	0.3393	0.0158
2.815	0.8	0.617	0.0193
2.815	0.86	0.8791	0.0634
2.825	-0.8	0.0254	0.0093
2.825	-0.7	0.0171	0.0049
2.825	-0.6	0.0182	0.0058
2.825	-0.5	0.0096	0.0031
2.825	-0.4	0.0088	0.0033
2.825	-0.3	0.0098	0.0026
2.825	-0.2	0.0104	0.0038
2.825	-0.1	0.0075	0.0018
2.825	0	0.01	0.002
2.825	0.1	0.0102	0.0019
2.825	0.2	0.0115	0.0021
2.825	0.3	0.0146	0.0021
2.825	0.4	0.0233	0.0028
2.825	0.5	0.0567	0.0047
2.825	0.6	0.1406	0.0076
2.825	0.7	0.3254	0.012
2.825	0.8	0.666	0.0179
2.825	0.86	0.7636	0.0573
2.835	-0.8	0.0222	0.009
2.835	-0.7	0.018	0.0053
2.835	-0.6	0.0101	0.0035
2.835	-0.5	0.0068	0.0027
2.835	-0.4	0.0078	0.0033
2.835	-0.3	0.0117	0.0037
2.835	-0.2	0.0071	0.003
2.835	-0.1	0.0062	0.0016
2.835	0	0.0102	0.002
2.835	0.1	0.0105	0.002
2.835	0.2	0.0162	0.0026
2.835	0.3	0.012	0.002
2.835	0.4	0.0226	0.0028
2.835	0.5	0.0499	0.0044
2.835	0.6	0.1308	0.0072
2.835	0.7	0.2985	0.0116
2.835	0.8	0.5703	0.0164
2.835	0.86	0.7373	0.0633
